campus network
*
76
0 62 -1
1 21 75 -1
2 5 -1
3 12 19 -1
4 53 68 70 -1
5 37 -1
6 29 -1
7 56 68 -1
8 33 55 -1
9 57 63 -1
10 20 47 -1
11 28 -1
12 43 -1
13 36 -1
14 44 -1
15 32 73 74 -1
16 36 38 66 -1
17 28 50 -1
18 58 -1
19 59 -1
20 65 -1
21 54 75 -1
22 27 32 50 74 -1
23 45 51 -1
24 28 43 44 -1
25 29 41 -1
26 38 67 -1
27 32 -1
29 30 44 -1
30 60 -1
31 52 65 -1
33 55 68 -1
34 56 57 69 -1
35 37 45 47 -1
36 60 -1
37 46 68 -1
38 74 -1
39 59 -1
40 75 -1
41 42 -1
43 75 -1
44 62 -1
45 49 -1
48 68 -1
50 61 -1
52 65 -1
54 57 -1
56 69 -1
57 58 -1
64 70 -1
66 72 -1
71 72 -1
73 74 -1
-1 -1