village network
*
120
0 3 7 88 -1
1 2 76 99 -1
2 100 -1
3 14 18 35 39 41 48 73 75 95 97 105 -1
4 5 8 34 36 40 48 94 -1
5 8 20 -1
6 7 35 -1
7 15 -1
8 35 48 -1
9 10 12 21 101 -1
10 21 38 55 104 -1
11 12 21 39 104 -1
12 14 21 51 100 -1
13 41 91 -1
14 18 62 -1
15 19 20 63 64 87 94 105 106 -1
16 17 92 -1
17 18 42 78 92 116 -1
18 38 91 105 -1
20 21 35 51 67 71 91 -1
21 30 34 36 43 70 87 93 94 97 99 -1
22 23 27 28 31 36 37 39 77 84 86 108 114 119 -1
23 72 75 107 116 -1
24 25 31 33 52 53 74 107 108 -1
25 34 35 41 73 107 118 -1
26 56 69 78 -1
27 28 78 84 119 -1
28 39 84 86 119 -1
29 30 40 41 105 115 -1
31 33 52 53 75 82 85 108 -1
32 33 57 70 116 119 -1
33 35 38 52 82 108 117 -1
34 35 36 37 39 43 47 76 78 97 108 -1
35 39 53 57 65 73 77 86 91 95 97 104 108 -1
36 39 40 84 108 -1
37 38 70 84 -1
38 62 110 117 -1
39 40 41 53 63 77 84 86 105 114 119 -1
40 41 115 -1
41 67 69 105 118 -1
42 44 70 71 72 108 119 -1
43 44 67 69 97 104 -1
44 71 -1
45 46 -1
46 49 50 53 81 82 -1
47 48 -1
49 50 51 -1
50 109 -1
51 59 62 117 -1
52 53 55 73 85 -1
53 54 77 108 -1
56 57 59 60 61 116 -1
57 70 -1
58 65 -1
59 62 -1
63 65 68 88 101 103 -1
64 66 88 -1
65 69 102 104 -1
66 67 68 69 107 108 -1
67 69 71 89 90 102 104 -1
68 69 70 97 103 -1
69 71 89 90 102 104 -1
70 71 97 103 -1
72 73 74 75 92 97 116 -1
73 75 91 97 105 107 108 -1
74 75 111 -1
75 83 116 117 -1
76 77 111 -1
77 84 86 114 119 -1
78 79 96 116 -1
79 111 -1
80 84 86 111 -1
81 83 117 -1
82 110 117 -1
83 117 -1
84 85 86 108 119 -1
85 105 118 -1
86 102 114 119 -1
87 98 -1
88 109 -1
90 104 -1
91 93 95 105 106 108 -1
92 94 -1
93 94 106 -1
94 95 97 119 -1
96 100 -1
98 109 110 -1
101 102 103 -1
103 104 -1
105 106 118 -1
107 108 -1
109 110 -1
111 112 -1
113 115 -1
114 119 -1
116 117 -1
118 119 -1
-1 -1
