Undirected Graph Italian Gangs
*
65
0 2 23 -1
1 37 -1
2 9 10 16 17 21 22 23 24 53 56 -1
3 16 -1
4 7 17 -1
5 44 60 -1
6 44 55 60 -1
7 17 21 32 -1
8 30 44 63 -1
9 16 17 22 34 42 51 58 61 -1
10 16 17 56 -1
11 16 37 61 -1
12 29 49 -1
13 30 44 55 -1
14 16 17 -1
15 30 -1
16 17 22 27 37 39 42 46 47 51 56 61 64 -1
17 20 21 27 28 36 38 39 40 44 47 50 57 60 62 -1
18 59 60 -1
19 29 44 55 60 -1
20 -1
21 -1
22 42 -1
23 -1
24 -1
25 33 60 -1
26 59 60 -1
27 -1
28 60 -1
29 44 49 59 60 -1
30 44 60 -1
31 61 -1
32 -1
33 49 60 -1
34 -1
35 61 -1
36 -1
37 43 61 -1
38 40 -1
39 41 60 -1
40 -1
41 62 -1
42 -1
43 -1
44 55 60 -1
45 60 -1
46 -1
47 -1
48 49 -1
49 60 -1
50 -1
51 -1
52 60 -1
53 -1
54 59 60 -1
55 60 -1
56 -1
57 -1
58 -1
59 60 -1
60 -1
61 -1
62 -1
63 -1
64 -1
-1 -1
