Undirected Graph London Gangs
*
54
0 1 2 3 4 5 6 7 8 9 10 11 16 17 19 20 21 22 24 26 27 28 42 44 45 50 -1
1 2 5 6 7 8 9 10 11 12 13 15 17 20 21 22 24 27 28 29 30 37 -1
2 3 4 5 6 7 8 9 11 12 13 14 17 20 21 28 32 33 34 35 53 -1
3 4 5 6 11 12 13 14 16 17 18 19 22 24 27 34 35 40 43 48 -1
4 5 6 8 9 11 12 13 14 16 17 18 19 22 24 46 48 -1
5 6 11 12 13 14 16 17 18 19 22 48 -1
6 7 8 9 10 11 13 15 17 18 20 21 22 24 26 28 32 45 46 47 -1
7 8 9 10 11 13 20 21 22 26 28 30 -1
8 9 10 11 12 19 20 21 22 24 27 28 30 38 40 45 -1
9 10 11 12 19 20 21 22 24 26 27 28 30 38 40 53 -1
10 11 18 19 20 21 22 24 27 28 47 50 53 -1
11 13 17 20 21 22 24 26 28 32 33 34 35 36 43 -1
12 13 14 15 20 -1
13 14 15 17 20 21 22 26 27 29 32 33 34 35 37 53 -1
14 15 -1
15 27 28 29 -1
16 17 -1
17 18 19 50 52 -1
18 19 39 40 41 49 50 53 -1
19 39 40 41 49 50 53 -1
20 21 22 24 26 27 28 30 31 -1
21 22 23 24 25 26 27 28 30 31 33 34 35 36 -1
22 23 24 25 27 28 30 31 47 51 -1
23 24 25 27 51 -1
24 25 27 28 30 31 32 34 35 47 51 -1
25 27 51 -1
27 28 29 34 35 -1
28 29 31 -1
30 31 32 34 35 -1
31 36 -1
32 33 34 35 36 -1
33 34 35 36 -1
34 35 36 -1
35 36 -1
41 42 43 50 -1
42 43 45 50 52 -1
44 45 -1
46 47 -1
-1 -1